camera_matrix:
- - 17495.968594906706
  - 0.0
  - 380.4791871277017
- - 0.0
  - 17506.359408228494
  - 625.8981021471784
- - 0.0
  - 0.0
  - 1.0
dist_coeff:
- - 0.5982451181343719
  - -73.50273537189868
  - -3.8058756710738746e-06
  - -9.702275690707525e-05
  - 0.2807346249880506
